M1 = 1.0019347864023584
M2 = 0.7808752427140088

